100 500 1 80 549093 1 0 0 1
1000 500 1 80 549093 1 0 0 1
10000 500 1 80 549093 1 0 0 1
100 500 10 80 549093 1 0 0 1
1000 500 10 80 549093 1 0 0 1
10000 500 10 80 549093 1 0 0 1
100 500 100 80 549093 1 0 0 1
1000 500 100 80 549093 1 0 0 1
10000 500 100 80 549093 1 0 0 1
100 500 1 80 549093 2 0 0 1
1000 500 1 80 549093 2 0 0 1
10000 500 1 80 549093 2 0 0 1
100 500 10 80 549093 2 0 0 1
1000 500 10 80 549093 2 0 0 1
10000 500 10 80 549093 2 0 0 1
100 500 100 80 549093 2 0 0 1
1000 500 100 80 549093 2 0 0 1
10000 500 100 80 549093 2 0 0 1
100 500 1 80 549093 3 10 5 1
1000 500 1 80 549093 3 10 5 1
10000 500 1 80 549093 3 10 5 1
100 500 10 80 549093 3 10 5 1
1000 500 10 80 549093 3 10 5 1
10000 500 10 80 549093 3 10 5 1
100 500 100 80 549093 3 10 5 1
1000 500 100 80 549093 3 10 5 1
10000 500 100 80 549093 3 10 5 1